K <-
10
V <-
500
M <-
50
N <-
967L
z <-
7L
w <-
c(361L, 11L, 304L, 361L, 361L, 11L, 361L, 361L, 427L, 11L, 11L, 
361L, 361L, 11L, 11L, 304L, 11L, 11L, 361L, 304L, 361L, 25L, 
474L, 492L, 140L, 492L, 306L, 338L, 82L, 25L, 338L, 306L, 25L, 
338L, 25L, 492L, 289L, 184L, 448L, 474L, 384L, 361L, 306L, 11L, 
184L, 306L, 304L, 361L, 361L, 304L, 361L, 306L, 492L, 11L, 264L, 
482L, 263L, 264L, 482L, 386L, 384L, 264L, 384L, 121L, 263L, 386L, 
121L, 2L, 2L, 2L, 2L, 2L, 209L, 209L, 2L, 395L, 482L, 209L, 2L, 
209L, 2L, 209L, 2L, 482L, 40L, 482L, 2L, 492L, 289L, 25L, 306L, 
306L, 492L, 140L, 492L, 306L, 448L, 25L, 25L, 25L, 306L, 69L, 
25L, 306L, 306L, 492L, 25L, 492L, 25L, 263L, 263L, 263L, 263L, 
166L, 263L, 263L, 263L, 304L, 263L, 263L, 263L, 2L, 361L, 361L, 
361L, 304L, 361L, 304L, 386L, 304L, 361L, 361L, 304L, 361L, 121L, 
140L, 338L, 121L, 121L, 121L, 121L, 264L, 315L, 121L, 2L, 121L, 
338L, 121L, 140L, 8L, 121L, 378L, 121L, 121L, 121L, 121L, 121L, 
121L, 121L, 438L, 25L, 91L, 140L, 438L, 2L, 91L, 91L, 438L, 438L, 
438L, 91L, 2L, 2L, 304L, 438L, 438L, 2L, 438L, 91L, 438L, 438L, 
11L, 289L, 2L, 140L, 209L, 361L, 2L, 361L, 140L, 338L, 209L, 
11L, 361L, 338L, 361L, 304L, 11L, 361L, 361L, 361L, 361L, 361L, 
361L, 11L, 304L, 304L, 11L, 11L, 11L, 361L, 361L, 304L, 304L, 
361L, 361L, 361L, 304L, 212L, 33L, 121L, 33L, 33L, 91L, 33L, 
121L, 121L, 121L, 121L, 264L, 121L, 264L, 438L, 438L, 264L, 121L, 
438L, 11L, 304L, 361L, 11L, 361L, 140L, 25L, 2L, 11L, 140L, 304L, 
361L, 361L, 338L, 25L, 304L, 25L, 25L, 263L, 263L, 263L, 25L, 
263L, 225L, 304L, 225L, 263L, 240L, 263L, 263L, 263L, 263L, 25L, 
225L, 263L, 184L, 386L, 386L, 386L, 436L, 496L, 496L, 482L, 482L, 
436L, 436L, 496L, 496L, 264L, 436L, 386L, 496L, 386L, 386L, 436L, 
386L, 482L, 386L, 496L, 386L, 386L, 496L, 361L, 482L, 482L, 170L, 
306L, 474L, 492L, 492L, 492L, 492L, 492L, 474L, 448L, 492L, 492L, 
474L, 306L, 306L, 306L, 306L, 170L, 492L, 306L, 474L, 474L, 492L, 
492L, 25L, 25L, 25L, 184L, 304L, 474L, 25L, 25L, 2L, 25L, 225L, 
25L, 25L, 25L, 25L, 25L, 25L, 395L, 263L, 225L, 474L, 306L, 263L, 
209L, 263L, 2L, 306L, 492L, 263L, 170L, 306L, 306L, 2L, 395L, 
492L, 225L, 2L, 274L, 474L, 492L, 263L, 386L, 338L, 140L, 338L, 
384L, 361L, 140L, 289L, 263L, 289L, 263L, 263L, 338L, 338L, 263L, 
263L, 91L, 263L, 263L, 304L, 263L, 263L, 263L, 225L, 263L, 206L, 
225L, 206L, 263L, 263L, 225L, 263L, 263L, 304L, 263L, 240L, 263L, 
263L, 263L, 306L, 2L, 2L, 338L, 492L, 209L, 492L, 338L, 289L, 
289L, 492L, 306L, 338L, 448L, 82L, 338L, 474L, 289L, 289L, 338L, 
82L, 140L, 289L, 289L, 206L, 289L, 140L, 140L, 289L, 264L, 338L, 
257L, 338L, 338L, 289L, 338L, 140L, 263L, 289L, 338L, 338L, 289L, 
492L, 306L, 492L, 306L, 492L, 492L, 492L, 448L, 306L, 306L, 306L, 
306L, 306L, 306L, 474L, 448L, 91L, 25L, 2L, 384L, 25L, 384L, 
25L, 91L, 140L, 184L, 33L, 2L, 25L, 91L, 25L, 25L, 438L, 91L, 
438L, 33L, 25L, 184L, 25L, 304L, 25L, 69L, 25L, 25L, 25L, 25L, 
25L, 25L, 25L, 400L, 25L, 25L, 25L, 25L, 69L, 25L, 25L, 2L, 2L, 
25L, 184L, 25L, 209L, 338L, 69L, 25L, 25L, 69L, 25L, 184L, 25L, 
25L, 25L, 386L, 182L, 184L, 25L, 496L, 184L, 121L, 264L, 496L, 
121L, 25L, 121L, 386L, 386L, 121L, 25L, 304L, 304L, 25L, 91L, 
436L, 264L, 25L, 25L, 496L, 25L, 264L, 25L, 25L, 184L, 386L, 
121L, 184L, 25L, 209L, 184L, 25L, 69L, 482L, 25L, 11L, 25L, 25L, 
386L, 436L, 25L, 25L, 91L, 25L, 25L, 184L, 384L, 462L, 384L, 
11L, 384L, 263L, 384L, 384L, 384L, 384L, 462L, 462L, 462L, 384L, 
384L, 384L, 462L, 384L, 384L, 263L, 384L, 289L, 257L, 140L, 140L, 
257L, 140L, 289L, 140L, 289L, 289L, 338L, 289L, 140L, 140L, 140L, 
140L, 338L, 338L, 82L, 140L, 338L, 304L, 304L, 25L, 184L, 25L, 
361L, 8L, 361L, 25L, 25L, 25L, 361L, 25L, 361L, 184L, 304L, 361L, 
25L, 184L, 361L, 361L, 338L, 11L, 338L, 304L, 361L, 91L, 384L, 
304L, 11L, 361L, 91L, 361L, 11L, 361L, 384L, 11L, 361L, 11L, 
384L, 361L, 361L, 304L, 304L, 361L, 361L, 361L, 263L, 304L, 263L, 
263L, 209L, 257L, 263L, 225L, 206L, 263L, 263L, 263L, 263L, 225L, 
263L, 225L, 263L, 121L, 121L, 209L, 8L, 482L, 384L, 209L, 384L, 
209L, 263L, 304L, 264L, 11L, 361L, 11L, 361L, 11L, 361L, 304L, 
304L, 361L, 11L, 11L, 304L, 361L, 11L, 306L, 304L, 304L, 361L, 
361L, 361L, 361L, 436L, 361L, 25L, 25L, 25L, 25L, 25L, 25L, 25L, 
25L, 25L, 69L, 25L, 25L, 25L, 121L, 304L, 361L, 209L, 2L, 361L, 
209L, 304L, 361L, 11L, 304L, 2L, 209L, 209L, 361L, 2L, 304L, 
11L, 2L, 11L, 361L, 361L, 462L, 384L, 384L, 384L, 384L, 384L, 
384L, 384L, 384L, 384L, 462L, 384L, 384L, 384L, 384L, 462L, 384L, 
384L, 462L, 384L, 91L, 82L, 140L, 82L, 386L, 338L, 438L, 338L, 
338L, 140L, 304L, 91L, 338L, 289L, 140L, 304L, 121L, 25L, 121L, 
25L, 121L, 69L, 121L, 395L, 25L, 25L, 386L, 8L, 121L, 121L, 140L, 
264L, 121L, 121L, 263L, 304L, 263L, 263L, 338L, 338L, 338L, 263L, 
140L, 225L, 338L, 338L, 140L, 263L, 140L, 304L, 338L, 338L, 474L, 
438L, 304L, 492L, 91L, 306L, 2L, 91L, 304L, 304L, 2L, 91L, 91L, 
91L, 2L, 438L, 91L, 438L, 438L, 2L, 438L, 306L, 462L, 438L, 225L, 
384L, 225L, 263L, 33L, 2L, 91L, 384L, 91L, 209L, 304L, 225L, 
438L, 386L, 386L, 386L, 140L, 482L, 338L, 386L, 338L, 338L, 182L, 
82L, 289L, 482L, 386L, 386L, 338L, 386L, 386L, 438L, 482L, 2L, 
2L, 182L, 2L, 438L, 182L, 209L, 438L, 33L, 496L, 384L, 33L, 496L, 
386L, 386L, 25L, 384L, 386L, 91L, 170L, 306L, 306L, 448L, 306L, 
306L, 170L, 492L, 492L, 306L, 306L, 170L, 474L, 492L, 264L, 121L, 
121L, 209L, 384L, 209L, 2L, 121L, 209L, 121L, 209L, 2L, 264L, 
121L, 2L, 121L, 209L, 264L, 8L, 209L, 121L, 121L, 121L, 263L, 
263L, 263L, 361L, 121L, 263L, 304L, 121L, 263L, 263L, 225L, 121L, 
121L, 304L, 361L, 263L, 361L, 91L, 438L, 33L, 2L, 33L, 361L, 
438L, 11L, 91L, 33L, 91L, 2L, 91L, 438L, 304L, 33L, 91L)
